2000
85970
74896
98045
52952
79839
81780
26716
48619
55292
88214
52165
45322
56321
96372
31862
91019
52824
19324
60769
88256
57263
13564
71242
96646
92572
50626
57899
57870
45743
91998
7336
51290
82916
20536
65415
37293
27441
46120
94032
95510
84245
64920
84090
39715
31343
76795
13821
88669
73870
86090
80667
10751
14468
58407
90579
86231
12055
93552
7246
88230
30797
30824
18708
42345
30765
64287
79537
46193
6633
85057
48724
61645
79987
34989
77038
11007
77798
89640
45278
33003
85137
28697
74347
74037
74264
29246
91853
11610
69836
97227
81514
64662
8219
73458
68909
76083
90747
51217
78187
79576
89497
38723
39311
13754
97898
22103
12720
27297
46424
15279
30148
62600
75835
38167
12031
77684
24655
60975
50772
84481
98974
10616
61353
42683
25390
12334
88089
65465
50521
54865
13966
32317
51192
91135
93717
89376
83769
39558
99028
33016
30103
22843
68447
56363
85369
61307
77459
38144
25935
34025
98244
48745
56504
86836
30497
86906
59726
25852
99097
66500
86523
96443
87467
47162
10160
8963
75774
83636
30181
89057
62341
45231
76581
46304
57742
52014
34503
45013
62680
81039
54683
88433
54834
23883
86745
41127
36026
55518
97845
16250
65394
95968
5377
49891
16244
41072
69451
74096
82882
55955
23289
9868
71096
81173
54648
30631
88819
63236
19900
92424
36853
44491
11848
69440
98976
32848
51616
75119
48042
41276
81017
18495
94222
93216
24993
71299
82458
93027
89440
10665
89030
78457
70046
43831
7076
24488
24416
66067
15529
90105
85644
69083
64972
99596
7733
27973
30271
26276
36070
34205
89906
10545
98174
87919
62757
65418
98400
58220
93241
45227
46002
8284
95597
60873
51278
87606
18429
27269
15639
99077
7011
44225
87603
91459
30394
25568
94686
30801
18964
15261
25901
77095
89215
58042
80690
83072
37182
12716
61443
34808
94203
59486
48030
77299
65511
67008
30450
14683
14669
13864
90128
91683
22846
52304
40785
81060
54629
8629
5020
94011
37052
12759
75763
77117
20081
90463
57199
41482
73427
78684
42625
25436
95376
5921
59306
44241
68728
53703
10068
92060
47259
6689
84014
12415
16691
12025
54032
62153
86680
60275
57060
67016
27770
6575
70108
93430
29085
29840
14631
60713
29782
16551
77178
88845
73548
25704
59773
34106
84031
15542
34295
70726
29386
62255
7670
60723
73541
76653
45036
18670
98567
87949
47126
41899
11776
98003
69301
53075
47696
8239
52288
81610
82512
48328
96571
33322
18564
75585
8573
96331
13115
57714
95359
74287
57206
10036
57296
5015
89412
10358
93910
85558
61888
99500
64831
15799
47123
83267
73638
85571
63731
78598
71992
32942
16732
65212
81687
93281
52602
53730
9234
23966
24156
19116
34893
86370
58573
26470
22803
31390
91853
39772
55649
68478
49410
14183
53938
86048
33292
26429
83654
66906
40222
75908
16242
93370
41830
68487
38643
24827
19226
31842
24031
97337
96645
26379
24908
10730
91597
5297
12288
36098
51100
21207
45621
31114
91074
13250
72528
60347
86457
73826
80007
54613
57910
16877
31161
29255
98938
52233
98500
33385
96936
74509
91759
12443
99902
36775
18163
43802
77869
46540
42533
47495
43123
10674
38369
60111
47021
49605
95277
16650
89180
75912
82189
40232
75249
41109
9526
47284
11541
23327
61126
70131
70360
89333
79307
50036
27182
83820
54235
72816
91326
7755
62666
14655
81606
29851
96055
75256
55281
45681
32225
73808
69162
93638
85348
86114
58450
78748
64363
98840
82596
21739
56311
54619
55873
28400
14993
39284
48350
21942
37984
89309
79418
40474
98353
73641
37830
18892
18160
86577
29339
22138
50615
93927
59118
21910
72056
20921
90853
25017
71096
55777
96605
50472
92674
61871
77229
7294
44707
17223
55475
55871
86755
72302
65002
9003
18414
13187
79815
35724
25085
35351
96792
13886
97849
8575
12263
86441
11006
81584
73437
85656
8488
80023
96115
46627
25217
85839
50007
37396
43986
82876
98162
44776
50016
45354
85103
56775
49367
98633
28468
9154
74792
85505
56842
18134
62297
60488
57337
35055
63619
87967
14435
35616
5562
97599
99172
72850
29061
57795
39951
82890
82111
49638
38548
64139
28175
14133
5209
75181
88630
39374
46099
62457
8612
88787
42457
79471
34168
73814
67575
56554
19469
50858
11473
6758
35463
71282
86014
39753
81072
64728
42004
62471
29171
73333
94212
8468
92824
46199
93118
65454
57948
83272
77534
81028
9684
35763
87142
68245
88438
76150
29544
67832
41183
43992
80477
26434
66725
74862
45379
56937
75799
66028
82348
77422
74103
59618
61988
9127
24042
49560
94347
19319
85802
56123
50015
18892
78585
37201
34804
53337
39753
27220
87271
63115
33682
48427
19095
70039
45854
13975
87493
9400
78359
19599
33054
95495
96713
35171
30225
71284
62142
81518
90431
58948
94324
17497
9605
7233
23194
94104
34704
79572
6440
51948
78692
69031
73414
86573
11611
31235
13867
72722
47606
70657
22348
49382
75521
75527
40569
45984
75858
65055
38625
18748
63083
42447
20002
10296
9221
31602
97473
41784
41271
16116
92716
21542
34784
24576
27437
17680
74415
23417
52541
99531
87003
40084
14983
27007
87351
39942
73424
58589
37932
61279
8135
61334
95781
30278
41137
70316
45311
95117
39673
95268
54738
20380
86379
78106
73838
38778
28896
46418
71362
73669
48529
69982
64914
21923
61695
41791
62503
93533
90138
79284
22246
72384
42603
53170
11923
88856
81616
85101
46166
68592
15116
40022
76751
85789
23592
45634
43998
27172
40309
54657
78329
99261
29230
87870
48814
36698
50707
47255
75133
84681
7018
53684
63907
35416
88955
73907
48791
86985
67861
81731
58689
35334
21707
35112
51740
38687
31798
23848
94079
44257
94006
78246
67964
91873
58103
91329
11439
38686
87861
43774
93638
47890
8341
27510
72846
46927
20797
47918
98920
11822
87392
24770
16894
88932
71597
32432
70486
29922
98712
77897
53902
58835
27446
35478
32911
37202
7718
80339
75013
51013
29488
80459
69311
48778
20238
98122
44961
19478
80166
42817
56974
9751
64842
41063
68338
59885
46600
44675
93374
33995
21731
67081
44484
86588
60938
73005
8041
63979
49443
58405
98698
55147
50317
66568
88067
14029
70097
99290
39815
18115
67426
49906
71777
50122
11284
34184
64336
59709
19263
74086
91012
17454
16194
20615
86718
32806
67407
57150
95618
64201
47508
37226
47386
42426
76889
16298
46927
67969
34674
84828
9088
5199
21929
17753
51484
31623
81677
88487
40483
72706
51099
87175
39286
72012
58061
76374
23730
77345
28046
39268
6697
35504
60849
74749
45866
7574
16299
70434
62016
37215
51023
77204
88175
78361
58731
96325
48942
35470
77175
47126
30791
14774
28853
35565
47286
75841
19631
74862
17684
58817
91212
16626
22088
25615
46745
9620
30673
37043
58735
32911
93895
93387
55677
19720
36914
78285
34060
34312
86353
46331
52723
44772
36166
88738
67377
47517
16311
9966
13583
58871
98449
63357
15777
88621
88490
8345
72066
19701
87409
78642
52873
26636
86983
63849
78164
64765
58531
97858
41194
6237
92758
5276
33471
46294
35566
49844
97545
84557
8943
67670
23036
33777
37790
15942
24427
44382
23780
62321
39431
58605
69965
51940
8762
16733
97999
22337
34113
6969
37550
54267
9827
35167
96036
26367
98069
39270
76964
27285
94690
36958
41024
69564
32755
75561
11721
40387
46011
68285
97745
92001
66937
8795
85212
83723
57486
62388
46882
97864
17671
38854
42722
90607
14868
14547
42203
64136
40640
87526
41070
87694
10234
55775
31702
73994
29838
31480
92480
9701
95311
20261
37240
87270
75241
39319
38985
38783
48666
28479
95672
98580
31423
63048
77695
69505
22685
15535
23555
18525
18254
61947
66102
12107
74795
57880
14367
53153
70646
5677
60559
12754
55948
81610
12305
55871
34592
90807
61123
47311
90264
72833
38951
75237
38502
46776
30504
65715
10141
28101
99640
72183
82781
23847
47094
63269
85915
34657
9564
14708
76623
20485
81965
9301
27567
22986
54204
49831
78561
50567
71730
20173
82843
34844
93076
63782
61655
60818
84314
44984
54781
29050
36266
93890
49678
83442
23791
53308
40084
32901
44313
31155
49579
22846
89153
46428
90611
76129
65100
61442
14094
71335
36217
31756
91008
77850
41072
28743
57914
41562
33013
52115
33993
21431
58546
33435
59430
13710
61871
32353
98062
63366
88131
26254
65327
13159
5921
8028
85453
83925
62358
40763
90130
62305
21641
40398
36129
28868
82328
49544
21648
97577
73204
91095
80849
45991
43746
91692
84466
99634
42201
69654
84524
54049
51216
39581
8434
83003
90188
40305
93554
85063
50607
71243
41838
68881
86473
86529
97743
22965
85016
33466
55900
23966
23187
77373
13912
90447
36479
19019
36333
46077
80744
48136
60363
80153
51800
27406
83785
32105
45555
6931
44422
97338
51105
39564
66540
9947
51213
34628
13778
81860
29529
37990
42589
24479
36527
94677
38790
43336
33263
88047
94052
16803
82776
74829
15328
45223
11774
30489
96075
62097
19004
85920
56682
10492
72203
93746
56058
22261
64762
9457
28526
94191
99086
10759
36031
51101
25870
33162
8629
93099
63809
43204
22269
76489
73861
73727
92073
25976
88223
58902
39976
78047
48100
19399
67481
29143
66727
71140
28332
74565
96724
91708
23622
81355
50416
47059
52259
7875
41044
13306
97194
44613
59368
16475
18111
31389
16060
60975
46995
80986
93514
15312
46803
77185
70837
32314
64673
87027
18620
62553
71898
57585
48314
27918
58095
33750
97409
13967
10483
68299
5519
27646
10634
38695
21393
30009
10689
5713
70040
79021
42211
49869
87460
84625
81619
85331
76091
30507
23983
29374
23166
7063
19314
36493
26121
18678
71584
85436
69214
16728
34975
36791
25920
60275
13222
91349
98356
54181
56018
30861
30307
23768
46734
5786
80544
98716
29399
88656
52563
30579
41294
86256
55717
26004
96273
84364
59872
73387
60005
57482
19142
8482
40876
43583
77508
97139
17719
21641
68106
86012
60191
87862
44736
47016
21520
17483
8978
14617
55199
31585
17374
16279
12555
81104
43498
32441
74250
70437
41828
30119
95729
17495
8566
37205
21838
53224
13493
17411
62552
7422
70174
98425
6493
50193
39260
90142
89119
91919
48588
97517
80824
97289
38854
78698
21512
27194
79176
54295
10270
14705
62823
25492
38114
44613
25599
87101
29321
19761
43428
71015
16720
44951
26862
39281
75593
75004
74794
33886
53937
78553
67361
97253
65427
6766
97973
36690
43240
80901
32677
47891
94775
99503
21292
40225
47797
5449
78907
7206
10123
17843
51359
41930
51572
63908
68750
82695
90453
48595
97766
76079
75077
51437
99570
38475
45896
24885
82801
76796
87654
35059
23945
15020
20214
20048
51941
77583
6445
47470
68953
87171
91891
50279
85196
65810
78574
40656
36686
11274
85269
98794
97768
75264
61485
69683
85718
87661
44427
11393
19450
46760
77820
54443
55999
97374
23358
95476
45098
76574
71138
10833
75549
24241
93587
37404
95291
78413
56966
73875
31440
92948
96461
36298
35531
65531
91042
92797
50468
24997
68846
14624
55133
54904
33479
10227
51920
73467
42524
31859
86809
61184
26988
81909
44542
41386
78491
8731
29292
6727
53682
44486
10587
95654
36132
54450
88408
32684
62614
34752
50509
5393
94330
8359
65454
78384
61741
46083
45386
6745
20513
33800
9235
55517
61982
94474
55644
67584
46070
17270
92559
71638
41287
47293
68444
16910
26737
30015
7431
74728
17759
20878
77286
40465
38895
87683
77781
38482
93541
51817
92578
66825
41480
11849
38923
52916
6702
85837
67005
77917
28734
92711
21266
87124
94659
18716
24816
62204
64445
15539
14981
90596
55990
76488
31247
91813
21663
51332
77687
93356
75796
15089
59674
16684
98340
98643
88099
61957
41508
89548
42598
16356
33234
90093
92902
69694
47622
41080
57745
58669
34406
29750
62950
55187
49186
76523
20734
14739
36306
40452
20251
29353
55790
73016
92598
99676
14392
38999
98464
69033
50095
52893
96725
73362
96672
26439
25263
19953
17834
22530
63721
15718
25545
14455
64709
53218
13912
66969
11080
96967
19375
81455
94006
18973
57515
63996
10782
36585
49018
78897
23397
15152
40056
95918
54356
37972
11559
35433
18470
16854
98925
30354
99467
91009
30446
73104
38469
88971
96245
67618
57990
28677
11983
8867
24308
44866
34277
69463
24773
49315
86456
27564
17848
68611
70142
90873
71954
66708
65265
75052
86640
7649
38848
65751
94801
94904
61795
50049
86213
13744
70573
90821
52746
20790
93448
67704
15617
94529
11924
19670
51252
50854
38938
78922
98239
52209
74890
9304
39639
73264
29027
22482
13505
83696
19012
38101
17965
68309
37961
63754
20888
64535
51239
78135
12468
62210
90594
12408
21729
35529
98995
11141
66212
88424
47108
12975
79034
21371
57885
22551
92139
88989
31928
35430
6336
8214
72782
72298
11322
69575
85921
71055
96329
89800
