5000
177621
39184
16556
82097
74196
68513
46579
36868
187392
152964
32790
164794
120604
18331
17811
34561
67314
70990
142475
167815
16956
157127
62124
197700
180363
193848
152853
119974
67787
127757
164472
82926
11703
51853
193013
120785
99194
82842
50758
66443
98236
36793
34312
109595
35353
104104
100165
168263
79342
21390
130435
150568
42722
109230
30656
154714
86854
174794
172141
104800
161349
60407
194699
28233
22012
183346
69742
85861
30916
71024
36476
109647
82869
128858
176640
105638
52638
107040
103132
64921
185682
79986
193977
189187
179878
28717
169680
176455
54862
150021
74175
52834
131178
109471
80765
177772
190397
156001
67570
189467
95008
24663
70043
18414
92694
115162
80186
27350
65307
158682
198196
92490
65738
181819
140870
113712
178519
130285
47452
79436
46603
74651
157159
151289
78876
163245
122311
162969
114700
104895
67493
46262
143569
139372
33831
22351
38743
50066
174481
51938
188384
120666
166345
26653
110864
110039
166208
132696
148704
75906
155024
13009
188332
198932
40029
188706
150763
79946
178024
99174
39242
86939
123971
51460
128940
10850
199292
198659
79045
141225
56832
143085
37894
173918
88235
177496
143080
169637
62143
50065
108019
52349
151394
149029
10149
167009
94975
138085
15105
39325
105153
90612
72770
25184
73143
158729
30645
32453
137399
28143
149645
42967
43657
182949
134592
154127
53287
79483
148326
169014
120923
65521
151373
190844
62730
196895
91714
114593
186078
180361
107889
124845
145679
128354
41720
74986
68903
26784
98627
15514
164221
155207
70323
164256
67728
11885
28610
195556
175439
25433
70015
27668
18234
96619
28574
144782
72391
83001
185368
137248
66160
151356
44684
199622
159695
161050
133907
73700
133987
116708
59914
34726
35409
182748
122997
102876
121038
117767
132427
24200
186518
181299
179392
35799
25889
115544
98946
38644
75183
60224
59862
150584
127601
46747
120593
58100
83018
131275
75485
29761
126164
154264
35666
23261
180955
151711
13868
34448
71965
53597
116539
137307
136185
66032
115130
25370
53158
109345
10565
112346
79521
129277
84776
120888
192607
155691
183505
198326
137577
50579
59780
87780
67068
25331
161828
152133
25979
92209
24985
23144
163138
134987
141819
149231
51270
24910
143124
31000
58712
27962
165984
27815
187002
71657
115847
41427
159336
74543
161760
165849
20418
172367
31491
119897
182326
163006
158170
147044
92934
78358
63545
185564
197745
92361
72570
79629
113752
44308
186079
179214
88642
129858
92883
29016
12441
130136
172833
157585
36209
29204
150937
65877
142614
79520
44722
101490
28033
74037
106869
84707
51352
124867
152401
194428
89303
170347
181435
148658
12050
185076
155385
88480
183903
37154
45203
79328
40258
38058
155024
50749
81394
83860
168552
65215
198117
99884
63371
190223
176261
79201
142489
138065
75829
23316
34195
176273
121037
82530
21557
10929
97439
44293
177015
78670
52357
125824
154619
194986
122115
157038
12534
39327
29724
191146
49073
153023
19444
106787
162701
154841
48821
122666
43409
20965
90808
105591
20458
103797
65070
188799
75412
184832
36946
102714
156770
116529
172702
50515
72059
52598
56413
118080
16497
57018
97080
117928
185612
75055
79941
51732
193835
38336
110281
20151
133388
68309
62316
130665
101660
90003
69662
68438
16203
183023
60627
114455
96051
83034
28198
83170
102050
178160
143537
114773
188131
150565
96808
17235
40236
78475
56810
162198
79590
20028
38417
166387
123918
100619
92228
124398
168914
144066
40315
110976
161149
59828
76773
21635
195803
124309
10443
146293
151151
190055
198594
185801
61651
105478
123062
28343
184125
96559
173356
92291
183903
42669
198679
88727
142939
91077
184821
117057
95506
115486
192769
87504
155335
43367
60289
120217
184307
109390
187554
55620
171353
159187
88892
116450
153638
10106
89658
85212
65098
122692
162039
169032
181627
94475
131893
125811
125909
187111
66020
144001
134042
54483
182713
32228
84392
145122
184025
175921
172335
97867
34480
71569
186369
91374
68888
62200
48627
16402
22114
74184
134554
170241
29091
129384
118643
175089
160908
60970
198310
192545
110657
139598
114766
73959
48684
181981
190256
11453
37941
121449
67367
56107
192429
145779
131778
23164
156120
75325
41813
129658
44954
131803
185001
149233
156518
166094
93177
126017
170603
198553
142324
121867
153621
126893
51722
134433
127983
77945
74812
177159
82695
146655
137034
174298
72716
81984
125309
30311
197051
84901
71471
81228
98040
93809
151597
31122
46273
49539
70623
110410
191914
50056
195183
66086
26837
118755
116849
96738
152242
132139
118992
26322
64220
120138
112099
163112
192327
15120
160913
109714
135037
11545
102211
88279
112232
119843
151091
153165
168139
67812
137986
67520
81548
124251
137308
17608
111936
98114
185341
188032
115989
199839
53265
132523
43456
173120
150017
17069
113290
165161
157951
183801
17104
32006
178492
122358
45572
131031
57639
23181
78198
109379
95813
65485
129196
95680
98473
109385
82943
120510
76131
31471
133288
15081
151405
23653
101740
68778
180431
27987
180853
20553
18134
74823
62261
15342
172879
49946
72533
43088
134141
185494
39986
157841
67138
131905
193360
77172
106703
53984
168831
169186
198313
40024
52930
91536
38337
161698
16731
91777
160941
187562
108384
113980
197436
61990
29922
165214
191040
174427
73661
36712
192764
89058
189374
167394
41733
158355
20766
101017
149655
122296
183413
107142
28076
142634
179749
99451
13316
120115
138503
37666
123645
104945
176614
130517
195416
50105
124160
56173
146772
180513
80800
171457
151078
136745
131863
124183
165313
80358
94490
74355
32718
83119
128175
73927
131820
159382
169994
185161
109349
98184
17523
139579
95200
57668
137808
65605
103015
77725
99217
83310
166278
193811
82422
155697
12661
145430
60084
32442
73270
198763
116542
138077
155536
72999
191039
134804
179319
196605
138665
127486
14520
34393
87132
68090
116011
191347
73780
90270
184053
162451
106736
134062
155089
149177
100113
121543
154281
96714
102225
194249
128946
81019
90379
75903
70434
41629
199080
60484
92719
41340
150473
190922
58535
60211
66723
136929
82482
199945
164556
147530
166445
84186
36352
60886
87659
69633
104602
57039
89237
13708
195602
150020
43182
81909
21931
24293
155059
86581
192823
43103
177213
138680
36892
13215
160487
84537
133049
135492
125466
99314
58329
23468
76185
135233
39907
27129
115043
138908
29420
161262
175005
189949
24053
49774
49111
157545
89648
32329
75061
41051
156295
119097
168942
166271
172114
69162
146989
109713
128099
126056
87949
164278
122415
90053
159062
172798
25789
169811
36013
64470
173975
65318
79375
183127
31282
51171
72879
55564
154701
29677
51034
10701
117090
128096
190714
165664
133184
86351
18556
70680
85524
195324
84112
194283
129021
28659
190193
71190
79351
173855
164609
183325
61857
121447
40087
152753
68932
179773
49056
79633
47286
28719
25633
53495
90638
165987
159214
85657
125121
42598
132866
190532
89715
193430
115515
81367
141195
151552
139445
124755
31087
166771
20449
123253
94494
168259
75632
16780
33940
70011
186763
160784
163910
15438
186234
80650
161059
20546
55925
133338
146043
180789
125927
82917
57576
163440
124264
176405
138902
33918
133210
101215
117046
97374
94163
185671
37420
52159
96456
117910
191842
139884
85554
183692
114976
154204
19619
129229
33084
92448
76164
94744
40388
115952
144898
10301
182401
152237
131104
118330
24209
59173
145905
104838
173219
140676
173947
125878
23529
63361
80007
153974
44344
85505
124849
193042
137064
41831
17567
175156
169612
72730
196065
51517
91461
154399
13584
154769
116952
34434
68903
39743
130965
40793
179793
50362
140646
197853
86509
143397
194919
81676
118918
136484
133789
73892
129743
154510
47917
110554
59967
167123
143232
45784
28300
82416
118774
99096
143100
80037
10672
84144
88264
163862
162023
182999
138356
48953
127059
151185
136967
100472
97147
154681
152456
108883
129365
94352
59454
192845
72601
159893
110393
71226
117682
21441
93408
133987
194871
109937
111208
183982
180922
49873
139847
19704
43094
141672
164712
97030
36309
125423
36138
147874
129780
14023
199384
47789
117473
181646
50464
29615
133074
79474
98751
173383
191588
114197
180350
31054
96131
186778
149885
109617
93010
174311
198407
137912
151824
19410
171863
27936
71543
175455
189411
85334
69634
33692
123763
35806
176133
194520
36347
126307
53611
191928
88503
17588
22056
95032
24711
86904
103969
108262
122901
48160
74014
149242
118016
158354
188729
57200
54560
55893
30701
169774
110281
172453
189079
73132
140460
162871
47517
70866
130887
177222
76578
130473
76932
184808
12463
131963
85400
187631
153287
51412
29362
125796
100587
164028
88421
177493
121230
190961
75561
129756
89199
62223
110845
136670
37958
72182
109972
159926
104098
160683
87561
193311
87392
15751
182550
113758
81953
12122
158354
189778
22856
168965
140214
85024
70324
169138
102358
67410
176885
59841
172762
75700
187671
198987
182800
188482
45855
174691
35470
174484
179434
20334
90984
125559
18746
161931
105646
44448
33627
87361
95647
118921
56042
62637
44644
151402
105907
149159
141542
81441
53134
77363
136313
87369
98792
40191
132770
29739
46898
69143
187294
199849
186791
114179
156096
105885
33672
113435
13648
79326
150659
42398
129219
106622
186377
186250
78724
163238
109883
177391
107379
38402
186904
71295
133594
16560
172410
157169
95984
169929
68030
179778
26571
176567
131704
193783
89217
180194
117032
40585
46641
21887
19754
89787
139138
40440
35478
71551
150914
45563
111881
128919
107258
185763
192579
151608
119871
163967
50507
118759
181683
35957
138279
171389
116985
83332
18576
190952
107132
66955
126230
126574
71895
105075
36045
189746
106294
152728
179037
104024
25872
114369
82320
59757
42023
129201
34031
183740
65602
178218
177639
166538
15598
23258
97427
73850
43010
158000
63793
27985
155282
64305
163716
66610
71079
96129
48680
166233
10743
82685
47929
44076
151614
75707
55743
38816
183292
16758
44551
13895
103911
72372
164364
94874
14136
55677
79564
23736
43228
120352
147910
39792
26661
134845
127512
104906
144542
165625
38587
128490
142078
68077
171246
21367
182727
146695
89070
130073
178647
18165
25945
135562
115281
121745
189856
38301
138521
196751
126277
29265
31178
94439
169461
48884
27218
43080
82093
173661
175957
163449
153748
196686
95245
109851
166602
149082
87305
128938
142527
168709
122774
35999
193967
39992
181629
180633
154529
198963
66367
122740
128372
69898
118478
98848
128882
114524
119049
34926
91932
121873
91926
184354
76817
108120
50013
190046
134326
27598
33914
32377
34439
123213
35313
107687
44108
155849
25723
163738
157216
157241
96414
185639
42042
117691
102693
184415
120870
199021
23486
85400
167393
91906
102181
37158
161497
143015
65768
50561
182159
136403
68784
38368
101780
155821
106353
40116
83024
160496
69286
122489
157053
172981
170844
186941
178479
155945
16882
169644
182446
191789
80109
17589
57294
81636
194208
90998
99082
102018
11600
57554
47552
158457
182318
115063
28241
47191
175982
18036
34053
149062
66395
108617
120056
128920
99363
51263
107007
91693
199162
95035
158791
166296
32270
23791
50784
51264
171962
23044
186676
31386
81330
126159
183523
121152
137313
169141
125879
118575
81609
66510
144308
39836
100484
122699
39069
84251
187790
187861
165486
137567
148132
184884
90850
21905
67807
113615
167109
24360
12015
63588
89015
65373
45975
76982
85876
96015
41453
12026
140386
122893
56057
43865
109669
149613
194463
70322
141140
156466
185124
102842
28894
114089
21089
124352
14912
130521
30411
92066
160931
122534
160313
116017
195990
177809
119495
85894
40192
116176
15467
95136
55055
172037
130611
190777
104857
33102
124481
37751
73783
124209
164369
114975
147353
30616
113747
91336
99001
68083
97311
54074
30022
143820
175996
39891
149094
143680
60830
101586
102038
179199
48716
71936
36949
48389
77100
61713
55481
167915
50073
181837
29753
56437
174613
139529
131622
157779
161904
127677
188555
157978
178556
176539
173714
94727
174421
92873
49572
125281
27900
132924
125922
175513
89382
82004
165037
24725
102259
142995
29448
91371
131043
128466
19858
24913
106662
85255
30114
178995
33670
171220
165734
142924
110789
131297
162129
155310
20753
127894
159856
180875
59345
94286
168598
134683
141430
49547
26219
128101
37132
100030
197253
32106
142264
179378
55235
20260
74944
195498
124755
125191
147381
147035
169856
51614
105393
107740
84158
111558
117156
98700
187968
166732
23727
175383
179687
97726
27278
96426
34774
156266
187833
111335
84487
76059
199722
182114
167994
49419
97388
31365
162761
183961
47074
101703
91325
181980
193102
183574
112749
43803
165986
195816
32208
91155
156518
108744
178687
96108
43500
185666
194242
189677
147990
34498
179351
185756
120993
143297
104851
14779
105052
90967
57254
66149
99583
137473
60333
69386
46061
50617
30228
87540
36513
143087
151497
148027
19895
183520
98280
172013
44353
166564
108754
50436
52532
57407
191625
173771
53395
199053
124733
21453
117704
105498
187304
198635
72267
126444
170063
84692
127683
71342
149987
72696
91125
132949
60860
106427
187814
159532
125499
131026
83864
110105
141833
148270
119749
52482
62349
168508
46280
75536
23678
178081
135983
107311
155369
36893
196489
145242
42683
84727
31987
52024
81510
127786
144572
48626
124680
34042
68205
128260
101641
16991
118762
23960
113928
141598
108031
71807
111231
31392
108281
68861
17389
93541
35974
197355
180383
97894
48285
46070
20040
85203
133851
192471
46383
194952
132974
127598
171309
11376
30768
14981
77088
66532
49195
153865
169614
148352
120953
39146
85524
72295
88944
41941
22517
72505
120054
177497
173266
129829
26464
39060
141027
166431
150523
14308
175663
145102
160745
73422
198362
47637
86355
122522
10410
171168
102488
73062
159596
119200
59103
184160
185168
32443
147228
104530
27741
147903
152627
142992
143070
155267
15330
112355
133243
21412
176637
111418
107858
76492
14257
103610
27710
100387
73209
182255
174693
37174
162542
97167
44972
21622
102353
153134
98748
178505
55898
189485
131798
192292
135444
175605
57783
45350
26541
197706
129977
19695
86924
62845
21483
62289
20985
92731
91284
145104
114392
152352
134098
76404
19599
179581
60096
85002
103578
22531
181896
97012
81622
42630
106474
124544
114863
125274
111356
98876
58973
140076
191421
140422
106297
146125
79919
31656
121280
30690
122881
167929
57305
152992
87009
94203
36895
30989
95962
183256
87500
90346
126894
167973
198131
121703
53684
190817
126367
102155
127212
21103
102421
171179
124017
81973
177633
25036
29671
185946
177120
116485
105239
144502
188103
51939
18163
47428
169271
187756
124864
19122
43090
27624
71864
179125
106030
104935
110362
158699
18489
168621
50222
188012
127944
107246
107521
126376
30155
160450
46095
148794
106193
114342
92414
180278
83056
75434
39739
16793
58771
140821
145723
111446
157239
40870
78623
78233
194559
126987
66248
170399
84862
191922
138765
62475
42148
45580
29412
128500
55260
197005
126683
33013
188763
93778
185070
101075
196001
27023
154178
152126
86116
88631
51289
196596
196007
193558
177169
55636
104763
143367
68783
41814
62685
46405
72058
139504
16890
104606
155233
160019
106707
132527
154610
44018
170418
32600
27235
91078
114375
197939
198447
135479
147807
117687
117330
160706
29333
42853
93106
178385
29441
127958
132115
188286
145622
100312
43642
154520
177718
164084
57700
43825
123408
141822
24526
42548
145817
50112
89724
53163
52458
94583
195947
69105
100707
146025
84461
30672
75694
61459
176476
154399
81945
42812
173845
89383
171068
149848
34491
141746
178031
54206
165139
162212
50421
54879
182682
173703
198909
168633
98504
157749
20798
17437
31292
21917
178153
161197
79377
180689
65262
159982
119205
172033
177507
17939
140557
174407
153019
85935
178272
89192
136601
74193
189566
116454
87970
128893
29129
190515
25705
51439
125239
118952
136943
131750
63483
99179
169032
47661
91941
198314
93706
100536
114521
44279
107134
144998
157233
37835
93654
73370
132282
42118
80116
127858
74990
46930
35378
23265
86077
110702
171317
119611
75082
51864
95835
161437
199039
91976
59763
51770
140617
144932
132372
140746
90882
140382
16075
33605
113086
142499
129860
73105
66398
162920
102509
22755
23248
83755
139733
166635
181510
186297
133361
84907
150690
12143
38179
122965
45110
79329
105886
115710
105928
21860
115010
23410
159495
157276
61027
105033
155024
85655
29275
111279
142187
128057
154141
83327
173379
188362
170181
41145
43728
35344
113259
107831
98889
156232
105841
47818
62181
167932
143463
115221
141092
20552
21876
20201
45923
197063
97304
134189
146139
129796
49043
168927
145136
46642
95974
170712
93500
52598
113010
171611
88442
165641
98178
142989
143618
149549
138410
195791
157567
88588
134490
14361
106562
96832
186634
38732
119193
163014
90655
190366
174956
16985
166476
134410
79607
181859
161643
161423
69649
199110
23462
162967
135946
54698
147424
174895
199053
172460
109664
48738
188448
73490
18276
160095
193637
38808
60012
14964
125615
92232
119780
49696
118255
191010
63448
117577
141548
170295
133628
26326
195014
46197
145969
64353
157033
95209
183598
135402
147750
108782
92248
55398
130498
149756
99738
153202
102874
187174
198986
188453
178639
191747
79300
169927
136924
60400
74623
83139
156299
88249
68947
88017
85760
194785
64336
190942
194808
138189
93110
135777
101436
156928
199179
81685
85442
41948
160333
187372
152394
109534
113424
100474
48397
86140
21027
85400
197207
30717
100797
125966
181959
77225
135587
66095
62970
151184
81075
157329
192497
81203
45985
38633
171396
163834
72726
73558
23307
185592
149209
69158
177233
71036
23760
36266
118344
96584
198051
133837
36357
188570
46036
11358
154271
51403
116668
181151
134701
135160
180534
62286
85299
94192
84819
179318
25509
33451
180996
160505
70875
150286
199560
19777
55892
119546
56081
19526
114069
139861
58840
85882
19821
12429
88221
158887
168015
38128
97829
84596
129104
178116
152422
147446
139476
45179
142176
132688
81522
60544
39529
96686
52596
130301
179944
77440
198376
58810
13692
98371
87338
158840
186790
60636
56004
170158
177438
116296
122119
145077
95964
32737
115076
185441
35004
58439
46860
135161
94830
75024
11790
78363
110551
71740
127109
79990
96409
89153
162688
199499
160176
12997
78564
181359
104254
191605
71945
26285
185056
40991
132000
90427
51868
116277
189850
141732
194433
91521
190955
40779
177434
87342
106349
171120
67894
67443
45014
135352
50156
129269
168790
107943
119011
194009
153978
133424
150907
184088
67255
74871
188347
166189
31461
147758
127112
148457
194488
104839
30474
157893
39414
26189
153562
142510
62994
160130
150682
49282
53132
96014
146404
125825
40471
188335
63844
197935
162868
138143
33839
143791
126780
24584
128864
44588
144544
118901
129746
157825
25135
156485
131209
186362
90784
199603
15706
113795
76704
10790
67121
161600
29144
21872
121069
100316
193601
26714
151862
25795
28092
133750
18319
85259
117182
57181
45501
178171
179313
120195
108162
110264
127581
108958
108473
31037
188973
183484
151374
44862
181320
101165
41098
56785
150839
113037
148632
43383
68376
10910
15959
88214
131373
186553
198506
152723
121182
149443
109425
70205
74883
130750
100743
50664
82259
59409
39581
18445
183066
119901
171198
14101
73089
64023
27639
36449
165698
18801
127031
166705
186166
194362
22760
74155
21596
115451
125071
71430
151494
66955
24796
46735
142093
85828
71384
161023
93598
161381
166740
186300
94060
72102
89105
47554
183070
146642
67945
118412
88774
82129
25979
155940
165101
55910
174100
187930
121988
155712
139924
22290
100286
178641
185988
109917
147484
93554
192533
119137
117022
49116
88613
108686
58202
151014
134130
73168
69072
88836
195487
47840
131379
25105
157426
118180
119185
156089
148934
45151
111821
73663
76845
63303
96576
179530
30727
127908
107275
34238
150413
199945
59933
23510
80375
108872
186599
168589
168052
20367
29079
59325
164031
199872
186016
156499
66889
135670
64759
97284
89478
14019
65524
59813
40753
135546
73594
192354
168440
194488
63611
113974
72739
154724
94309
84202
109788
132224
149893
180058
104177
90851
78566
104278
144431
140358
132160
35849
199376
133074
93947
63248
107178
92030
118509
21984
157462
68005
48252
14251
78360
155047
163100
161818
198746
119465
87382
49953
61430
96472
70298
109572
159366
74416
140888
154347
181601
189528
98490
77456
138089
199676
178216
138606
130803
54101
102320
54371
46689
198825
153273
138009
58247
152117
178246
25396
147348
18866
29485
185168
22717
11673
118106
46042
175334
70668
27817
195380
49591
12396
67336
142574
129540
107832
25846
171961
177176
184785
171616
136669
182827
137888
14123
11733
149516
154610
117829
13106
14384
148783
199318
82021
150440
85153
14493
141652
192939
186693
122872
56993
38053
35248
147464
49032
73168
60313
172471
148007
76169
102914
80077
114044
30714
107793
116437
130323
158111
73755
192776
69207
88636
189317
31133
181372
180365
18305
34510
116241
109421
108872
154887
134781
24710
176919
12477
194246
54927
31675
141034
123746
179058
96840
158335
34998
148453
21154
70231
65421
191479
158579
134649
81065
22205
29489
189418
83498
152352
157720
182519
18625
57016
92440
14104
64305
163887
47798
196833
114410
30168
88453
52585
157838
73038
158555
112015
187480
151705
96960
110622
46687
190698
199835
30559
141279
100664
24076
35607
124580
70855
29927
99284
168641
170921
166135
113993
95557
17766
176231
81651
128109
138608
69805
103273
154975
108415
123206
58690
188177
163583
183191
109633
32464
172166
87431
74605
196937
29269
31505
80247
50428
109614
196561
176173
50442
112137
93015
104555
37931
33991
11361
90810
126584
104350
80717
36799
44735
32884
59123
122978
127661
156010
155421
144333
116966
37077
16884
33493
102776
155285
34396
166480
166773
95047
110987
13235
86506
118477
111659
32203
156679
73633
159935
146604
54455
189651
109806
54433
46396
80495
88939
80361
139269
48255
26585
53832
123947
82341
120389
88578
136938
30164
104666
75981
74642
198979
173848
139971
165662
171656
61261
130025
38042
45517
89864
11774
113728
97088
172579
109585
96387
125401
97749
122883
180665
165816
45684
88757
94060
168128
192266
62652
135569
92361
56566
114396
93660
86401
192179
175911
138714
160963
73550
95429
108580
83479
113005
105686
39855
157810
62376
165248
153033
57166
188706
154205
17055
131011
195694
64958
124938
86370
191622
28129
117254
186417
140889
46484
176025
89385
73444
76238
182664
50407
197494
120920
108825
29389
127720
166744
135628
162631
115068
150081
142805
191327
119655
152513
19637
104248
193929
150746
165666
177295
32277
38670
75072
182386
184245
103063
53604
179607
170609
21612
157644
179091
187595
179539
114757
96926
122841
37772
12765
35849
77826
68196
143870
145999
156274
162179
190267
160794
67942
126858
108073
112533
131389
188141
164295
190993
141194
49516
100431
16438
136555
37406
87445
119045
32506
40426
47139
101312
91760
99932
129362
64229
146607
136596
101304
134823
35591
124862
199266
192652
128606
93600
27609
88712
21713
196326
40168
15920
99935
179861
38668
187508
53084
73940
145264
55731
154679
51978
96766
156761
121770
131124
70779
116180
175087
58352
58860
177897
182309
123281
113699
17652
170984
61727
127853
165242
122604
111930
11166
194742
66307
63945
82966
194486
26400
161348
36673
150742
59010
105890
95454
61661
129944
39872
78774
185820
138315
148337
177538
92157
166492
111879
170250
112903
163879
39945
101206
102270
130025
171837
55227
186577
195070
87973
171083
164709
32217
186189
45113
92099
40896
72540
90053
40657
57984
107859
191780
47056
143909
111833
119638
166349
46141
160681
110587
120897
58694
137577
176592
150870
191779
179151
55412
155467
53742
138356
85716
46777
59046
92465
128227
172374
24053
104119
12512
137037
45791
61151
110648
157215
142497
181198
139753
117252
189489
138902
118955
196159
126353
138109
53844
31671
158215
18089
67810
86569
18570
82051
68941
150930
85673
54094
129884
158281
139843
154107
143904
39677
160133
39938
80225
152372
106170
152093
20907
198476
125701
153223
67289
121451
36847
181356
74888
88042
18449
127894
78895
101377
32802
125099
40772
72113
65018
164120
190652
101915
196319
169976
175877
122241
53511
171520
46499
64164
64248
25560
159441
101964
149534
83684
166462
151234
54139
94843
194563
86712
85846
160139
80082
144850
188074
34962
45543
117897
25541
82698
181939
43262
193874
44784
75451
48336
196487
94435
74894
187270
112944
138308
47269
161368
175780
80442
174577
118586
108349
128486
29796
176101
34404
115604
145164
82935
192112
106749
129195
137937
95796
162556
10648
34416
130179
176419
184101
192790
103905
26601
150096
114258
67102
122628
65535
139686
80395
94637
84342
98540
153474
161501
44234
158410
137228
100109
188926
22690
22043
36102
174149
130476
14268
42568
51414
125680
129673
10177
122145
63036
190510
44580
180392
89132
51674
81832
34468
181596
104485
75638
31606
107476
184196
180108
53391
23575
113898
173998
90087
193354
71379
122520
181831
33907
194470
34951
10284
65947
134992
30431
44786
165629
69294
146169
188253
126671
12434
12113
192346
100065
41612
120707
191936
44648
135226
28567
70017
110419
33417
36850
37053
92143
106354
88447
45947
110328
44903
178185
187507
47448
27933
149069
157663
12221
169991
180398
53022
125369
102061
199381
65851
174647
49681
117927
171500
189979
125968
66949
32724
36336
46703
42284
164553
110671
102152
122561
92445
46655
74955
82605
178983
32085
75055
155069
167548
167288
199052
169276
84690
191004
17031
182597
89075
63856
145724
169102
143568
59452
112695
87474
179389
24304
72741
139731
111157
39555
73198
140962
177269
165695
28615
148487
13163
104659
92961
44598
111407
158997
120326
105790
153224
189029
55290
133473
29134
14375
163973
27703
13615
78730
66555
20440
25851
114326
142804
85101
174776
196811
141346
118903
121037
193975
115454
31607
177913
150657
150943
171493
50024
82736
31914
91240
30715
144035
63267
50731
150611
95655
112427
163730
176276
180351
188534
178599
27331
91309
193153
124684
72557
25179
74088
32600
123897
40405
128848
170509
169601
24425
91078
184608
182504
56044
41311
13320
195571
45969
193893
12975
52947
140131
100886
147102
145586
198944
77960
53768
107483
43274
80454
40947
17695
97821
122544
81298
147325
26743
78930
196731
161165
174503
30203
140062
129327
143898
104404
24533
140969
158605
53746
106387
51237
76877
36975
160447
186716
199472
40234
69874
143385
10673
21544
13221
74107
22053
133670
105414
110395
49343
56913
19270
154930
197176
181888
119935
68855
94358
75080
119119
198819
93869
81108
30417
159824
107729
41300
141607
186508
23807
57014
68506
145207
22039
115100
28068
131921
84005
91447
95799
32645
154989
129733
12089
106709
62604
86439
157798
89668
173241
73591
131615
106540
165108
139331
61228
153277
74258
49470
11671
117488
16267
71078
151962
100812
176708
191786
12515
97822
10383
182308
108638
90612
37249
63790
148887
72434
120052
138982
25701
47322
196555
83354
34386
21508
70679
146251
118280
193722
107646
130182
32256
162245
35054
142494
44999
177042
113376
29616
165161
158850
26327
124028
183655
44264
72068
86461
78417
92577
113010
193691
95524
93376
128687
81291
71239
29578
63139
45680
163277
38566
50739
37697
53089
127851
132173
92321
116564
41650
150489
103922
64430
128467
90821
131463
79470
41434
33703
51317
189845
89748
194734
192682
168152
20572
66366
95929
48882
33910
196425
75069
103255
113873
144600
22832
187519
88339
78201
55578
18147
116008
128541
155739
154210
75497
34831
131121
36714
46645
41838
13134
26166
68271
44266
61939
115010
107580
189905
175228
179000
32030
162652
163647
77848
29657
15714
26900
61839
179341
126242
43761
34111
96913
42119
21192
130847
23274
54037
160440
123549
199905
113546
140056
17728
110330
189100
121847
55300
102784
66286
59060
82084
83362
126919
48962
19083
170984
172313
171736
74431
179680
87360
140781
118001
154359
135575
25985
32995
83341
110405
45975
119899
62286
178467
147839
75312
175348
152516
15119
110269
197005
104139
135746
152742
137055
100186
158282
141699
94306
111811
80893
57137
16832
93591
166530
67414
17681
83644
25359
133649
148787
103698
163089
71017
51844
36249
74974
182193
73216
79868
149903
24656
67517
160914
111822
103009
55537
56163
72010
165325
93362
192878
104052
165074
17394
194405
193647
102191
158806
157746
47251
157615
59344
139034
152114
91016
56021
138564
19951
33660
24724
70980
167722
67359
15224
148005
135301
10179
96962
170991
62812
44207
99327
197940
56520
94826
25612
15744
48721
163776
194731
47133
39077
147965
105653
29013
107934
194690
183575
113703
163620
36484
98227
89105
94568
45769
51288
124522
177579
137716
180178
93173
55666
195383
157318
191812
170880
103539
68520
184465
164389
55967
109191
90431
190485
87205
43383
56585
10471
194027
160165
112655
158762
18488
57731
167912
93418
170269
67906
177679
158255
37291
140071
46868
96813
30396
72389
100914
93759
54010
176772
33258
195851
185642
177536
98014
127081
12987
79523
64967
75415
191711
27771
101876
77281
38320
198852
10335
22621
111171
124876
120009
53604
118532
139258
109277
102073
153136
108395
36588
135695
161533
180647
190134
69135
52639
128302
29322
18758
87308
15263
93549
78453
37453
29451
99602
54592
108424
52180
29661
153404
34406
98591
165721
170863
136546
194681
18124
123068
181346
53253
169204
123823
51183
24039
36544
96794
63883
59803
117290
192765
155257
199277
151590
79537
183171
83799
87961
72271
35143
23011
112996
159886
154090
138699
50262
24288
104589
11000
122094
32971
87214
183544
173863
167342
135915
62343
35424
16746
64251
54782
177297
86496
31479
134143
40279
90832
114193
133455
138213
183287
79469
33890
178261
152639
111587
58465
107260
109993
106836
58911
126857
21696
79021
125275
131912
79048
69308
80401
157913
26158
49617
192575
184972
35350
32467
185149
100122
151937
118524
164593
69641
155123
25986
111477
146991
119741
150381
190110
134472
160133
71772
134849
88342
30697
113495
197250
19103
141622
159741
145480
159811
187611
172600
48652
41531
127713
55319
53821
65545
60521
43078
21187
120985
30543
189077
124135
62931
174423
48765
165988
77603
93820
27566
32813
111737
155847
114164
154717
95492
82404
146233
130103
13241
193608
173330
164029
146986
119994
39496
118643
49227
48849
158529
164123
162745
36267
37691
157504
36474
84997
150413
100143
117712
79241
110412
181648
137293
159952
169635
134006
19821
55141
82198
115637
47710
172069
169555
188471
191839
115308
20166
113754
96899
191014
72279
22921
134575
80407
107633
15303
98569
89444
91513
83491
138875
192500
189529
35747
69757
45228
88769
126158
94113
80626
119254
168591
179228
33406
59266
125793
65414
116737
136998
145397
108018
24734
145074
51673
27201
91559
196009
142853
115744
45559
147438
159074
17588
55544
60531
62619
25106
75402
18669
129655
23253
104470
194715
62195
81821
106561
131692
142415
114056
176568
42472
188565
18011
73422
107639
138132
165724
126943
56552
134408
163847
154528
101687
100242
52864
77806
190578
33695
84729
17195
111335
23015
52705
160014
66182
68025
179706
69011
187653
64193
80538
180809
117349
144553
15256
188834
12332
134281
44685
179704
55403
167585
12218
68659
76162
169473
90074
196840
195956
178490
82188
121098
108690
101412
130323
76059
67202
132342
89205
187522
146482
173474
114111
163219
36820
11926
144090
183632
108102
157182
179696
165653
169658
84102
88243
189414
38338
136284
26734
98154
82478
177928
95232
82583
78458
181997
196408
180778
88326
59377
49303
145605
72993
24883
167295
115931
183154
93777
188456
46681
199080
16672
181809
140383
87490
78007
119724
116063
111783
19258
162836
195616
159957
59785
99959
197005
68291
189914
150151
177330
134711
186126
103977
142989
88694
54560
182389
156341
57483
87013
35586
133412
43539
77804
156546
57990
188182
97984
181556
33409
68262
103135
68544
90500
120224
96852
107434
78304
163503
87083
131572
40875
133348
24071
176303
162980
162125
172700
28668
133789
60998
141197
41409
188440
110052
148893
88212
118293
24172
49525
46009
62506
99828
117267
159265
129949
47545
92938
197608
57279
31184
137816
97196
175421
56353
92159
176330
25207
11235
128503
81703
64888
54198
161068
51532
138339
33079
43922
171082
123694
176064
122567
115747
122466
135147
110484
11223
19889
149927
62275
107806
13690
94466
149207
59958
14696
187405
11081
174282
75227
69314
191803
100269
91813
43798
36924
110545
141946
164316
90246
53783
27114
21984
88171
86238
129518
146390
166334
147394
98561
123682
190035
45072
99845
138497
104175
59394
53223
115746
15013
69878
68804
44394
65362
15744
164584
142286
54298
42286
106099
196413
180535
19794
108354
177856
77053
150177
173351
22736
165693
22572
183531
38341
181328
15175
22644
190813
40353
119255
126474
109681
42399
153466
76253
134360
193990
50141
63869
192240
189762
175232
12439
88935
120328
183451
36471
183665
146395
80772
173262
168763
193691
45956
119792
37502
144108
198420
171925
40863
84109
39887
37856
140479
62074
169646
62363
78942
147139
62867
103827
194401
117415
87424
52040
20329
153691
140116
64445
190408
136003
96665
71474
10717
13342
186064
33331
38948
160510
185380
139526
49097
33614
144140
29673
199677
199681
36552
77080
178909
70597
129734
87600
79238
131707
23128
36164
55797
20340
86170
104428
187410
91974
121672
40382
34903
22029
